
000002
000006
000007
000011
000014
000029
000031
000036
000042
000043
000046
000069
000402
000502
000514
000517
000537
000540
000558
000560
000573
000608
000615
000616
000620
000631
000656
000667
000668
000671
000691
000718
000732
000736
000797
000838
000863
000886
000897
000909
000918
000926
000961
000965
001979
002016
002077
002133
002146
002147
002208
002244
002285
002305
002314
002377
600007
600048
600052
600064
600067
600077
600082
600094
600158
600159
600162
600173
600185
600208
600215
600223
600225
600239
600240
600246
600266
600322
600325
600340
600376
600383
600393
600466
600503
600510
600515
600533
600555
600565
600604
600606
600622
600638
600639
600641
600649
600657
600658
600663
600665
600675
600683
600684
600692
600696
600708
600716
600724
600732
600736
600743
600748
600773
600791
600807
600817
600823
600848
600890
600895
601155
601588
603506
